6.72 0.0 0.0
11.629945 0.035645578 0.0
12.279769 0.075275265 0.0
12.479473 0.11475096 0.0
12.719044 0.1559419 0.0
12.508532 0.19170654 0.0
12.527881 0.23041166 0.0
12.677081 0.2720261 0.0
12.556225 0.3079376 0.0
12.565217 0.3466964 0.0
12.574092 0.38551322 0.0
12.432931 0.41933146 0.0
12.521526 0.46074545 0.0
12.540039 0.49991807 0.0
12.398577 0.53234506 0.0
12.436845 0.5721821 0.0
12.524924 0.6147098 0.0
13.182086 0.6874689 0.0
12.6307535 0.69754046 0.0
12.578641 0.73334 0.0
14.233216 0.87358314 0.0
12.85333 0.8284417 0.0
12.561389 0.8482931 0.0
14.344283 1.0128698 0.0
13.004736 0.9583494 0.0
12.682677 0.97370803 0.0
14.802874 1.1821342 0.0
13.324245 1.1051624 0.0
12.693114 1.0919957 0.0
13.396904 1.1939194 0.0
12.91521 1.1909015 0.0
12.523258 1.1934807 0.0
12.50959 1.2308793 0.0
12.744533 1.2934483 0.0
12.462027 1.303378 0.0
12.497743 1.3458503 0.0
12.712222 1.4083744 0.0
12.43958 1.416777 0.0
12.455044 1.4572214 0.0
12.659019 1.5204314 0.0
12.445876 1.5335423 0.0
12.451038 1.5729347 0.0
12.723843 1.6470342 0.0
12.52047 1.659742 0.0
12.495505 1.6954199 0.0
12.559587 1.7433343 0.0
12.286862 1.7438798 0.0
12.301252 1.7844015 0.0
12.374861 1.8338232 0.0
12.22087 1.8493 0.0
12.254678 1.8928537 0.0
12.317964 1.9413025 0.0
12.973464 2.0853796 0.0
12.404516 2.0329468 0.0
12.309457 2.0561287 0.0
13.939567 2.3723557 0.0
12.621774 2.1879086 0.0
12.358965 2.1813917 0.0
13.484099 2.4226196 0.0
12.522427 2.2894824 0.0
12.308891 2.2894514 0.0
12.5179825 2.3680594 0.0
12.559766 2.41586 0.0
12.277506 2.4006128 0.0
12.49568 2.4830592 0.0
12.752669 2.5747814 0.0
12.460632 2.5555916 0.0
12.46253 2.59581 0.0
12.728457 2.6919305 0.0
12.407275 2.6637588 0.0
12.399053 2.7017744 0.0
12.673875 2.802375 0.0
12.382258 2.7777283 0.0
12.373687 2.8156662 0.0
12.647572 2.9187899 0.0
12.356195 2.891463 0.0
12.3667345 2.933937 0.0
12.629922 3.037296 0.0
12.814866 3.1233513 0.0
12.416901 3.066704 0.0
12.582059 3.1484418 0.0
13.774332 3.4916837 0.0
12.543151 3.2205355 0.0
12.475153 3.2438653 0.0
13.683623 3.6029105 0.0
12.4743595 3.3254273 0.0
12.28067 3.3141413 0.0
12.289748 3.357036 0.0
11.97097 3.3094208 0.0
12.153377 3.399978 0.0
12.239118 3.464448 0.0
13.41091 3.8405755 0.0
12.428963 3.6006238 0.0
12.312307 3.6077693 0.0
13.979062 4.14273 0.0
12.471963 3.7377186 0.0
12.259474 3.715025 0.0
13.089424 4.0103707 0.0
12.255575 3.796022 0.0
12.348858 3.866435 0.0
12.642036 4.0008163 0.0
12.258252 3.9207342 0.0
12.274724 3.967514 0.0
12.566692 4.1044683 0.0
14.187408 4.68199 0.0
12.636162 4.213053 0.0
12.62319 4.251763 0.0
13.784011 4.689842 0.0
12.473948 4.2868114 0.0
12.574115 4.364372 0.0
12.381375 4.3400393 0.0
12.3868685 4.3846407 0.0
12.552288 4.4865346 0.0
12.28451 4.433332 0.0
13.642645 4.970779 0.0
12.698208 4.670804 0.0
12.2807255 4.5600214 0.0
13.970918 5.236396 0.0
12.664077 4.7909017 0.0
12.219593 4.665613 0.0
12.923739 4.9799047 0.0
12.321246 4.791169 0.0
12.092396 4.744898 0.0
12.124286 4.800344 0.0
12.750279 5.093453 0.0
12.326508 4.9680285 0.0
12.14448 4.9379873 0.0
13.572589 5.5671997 0.0
12.483593 5.1652703 0.0
12.320046 5.1418824 0.0
13.51161 5.687881 0.0
12.371139 5.252479 0.0
12.244669 5.2431364 0.0
12.219361 5.2766767 0.0
12.212299 5.318096 0.0
12.214254 5.363543 0.0
12.161182 5.384759 0.0
13.076014 5.83783 0.0
12.520053 5.6357055 0.0
12.1749 5.525279 0.0
13.858379 6.340579 0.0
12.640237 5.830164 0.0
12.132648 5.6412067 0.0
13.229042 6.200369 0.0
12.540886 5.9247837 0.0
12.098325 5.7611237 0.0
11.999472 5.7592344 0.0
12.368853 5.9832335 0.0
12.1347275 5.9159436 0.0
12.134488 5.9619274 0.0
12.304355 6.0922723 0.0
12.044027 6.0094104 0.0
12.070224 6.0687575 0.0
12.221055 6.191592 0.0
11.961543 6.1062584 0.0
11.969449 6.156614 0.0
12.128094 6.2852955 0.0
11.887163 6.2067275 0.0
11.903484 6.261754 0.0
11.946088 6.330987 0.0
11.917805 6.362862 0.0
11.915862 6.4088335 0.0
11.9401245 6.469144 0.0
12.780465 6.975193 0.0
12.171901 6.6915574 0.0
12.0726 6.6852326 0.0
13.309658 7.4236507 0.0
12.21448 6.8619666 0.0
12.03673 6.8107285 0.0
13.197396 7.52096 0.0
12.185561 6.993897 0.0
11.938968 6.9010983 0.0
12.574576 7.3200088 0.0
12.06035 7.0702434 0.0
11.866398 7.005499 0.0
11.8620615 7.0520563 0.0
12.089211 7.237339 0.0
11.835738 7.134962 0.0
12.010426 7.290552 0.0
12.235465 7.4785686 0.0
11.948478 7.3535547 0.0
11.917383 7.384875 0.0
12.115279 7.5589952 0.0
11.829552 7.4311914 0.0
11.823623 7.478104 0.0
12.197095 7.7667546 0.0
11.929094 7.6475887 0.0
11.964413 7.722074 0.0
12.158708 7.9003696 0.0
11.87501 7.7678986 0.0
11.859497 7.809758 0.0
12.035542 7.9786806 0.0
12.543375 8.3707905 0.0
11.944903 8.024425 0.0
11.986523 8.105812 0.0
13.16853 8.964078 0.0
11.994353 8.218703 0.0
11.771543 8.119162 0.0
12.847334 8.919395 0.0
11.819915 8.259905 0.0
11.868156 8.347872 0.0
11.867 8.401543 0.0
11.678315 8.321811 0.0
11.742143 8.421675 0.0
11.773032 8.498595 0.0
12.572126 9.13418 0.0
11.81758 8.641435 0.0
11.718554 8.624269 0.0
12.792968 9.475568 0.0
11.962114 8.917074 0.0
11.83074 8.875681 0.0
13.431546 10.141128 0.0
12.030901 9.141637 0.0
11.764517 8.996235 0.0
11.950863 9.196918 0.0
11.242681 8.7069235 0.0
11.539328 8.993377 0.0
11.9602165 9.38047 0.0
12.316041 9.720661 0.0
11.8006935 9.372756 0.0
11.943764 9.546236 0.0
12.233933 9.839761 0.0
11.698468 9.468281 0.0
11.832222 9.636707 0.0
12.978252 10.636417 0.0
11.772927 9.709057 0.0
11.920108 9.8919735 0.0
11.65946 9.736174 0.0
11.208482 9.418044 0.0
11.729378 9.917223 0.0
11.645611 9.907766 0.0
11.934246 10.21655 0.0
11.728615 10.10297 0.0
11.561575 10.020977 0.0
12.096044 10.549325 0.0
11.507447 10.098255 0.0
11.423969 10.087146 0.0
12.140572 10.786294 0.0
11.54085 10.316937 0.0
11.464565 10.312135 0.0
11.536707 10.44117 0.0
11.585981 10.550542 0.0
11.413501 10.457646 0.0
11.469624 10.573918 0.0
11.781743 10.928653 0.0
11.368038 10.609911 0.0
11.393783 10.699467 0.0
11.7679825 11.118935 0.0
11.371468 10.81045 0.0
11.576755 11.073355 0.0
11.398655 10.9700985 0.0
10.826184 10.483254 0.0
11.388496 11.0955925 0.0
11.275882 11.053442 0.0
11.768806 11.607588 0.0
11.477643 11.390023 0.0
11.195002 11.177851 0.0
11.82384 11.878317 0.0
11.42166 11.544838 0.0
11.112784 11.301704 0.0
11.749068 12.022291 0.0
11.482243 11.8215275 0.0
11.16814 11.568882 0.0
10.945702 11.408229 0.0
11.179829 11.723968 0.0
10.861808 11.460596 0.0
10.9431925 11.6175785 0.0
10.9007 11.6437645 0.0
10.674228 11.472129 0.0
10.666173 11.534159 0.0
10.671373 11.610973 0.0
10.5143385 11.510725 0.0
10.573112 11.646553 0.0
10.436884 11.567535 0.0
10.187744 11.361225 0.0
10.272633 11.526777 0.0
10.29693 11.625581 0.0
10.2480345 11.642076 0.0
10.087201 11.530427 0.0
10.150232 11.674488 0.0
10.702829 12.3865385 0.0
10.071963 11.728903 0.0
9.925611 11.630406 0.0
10.594954 12.492052 0.0
10.015251 11.882185 0.0
9.818253 11.721178 0.0
10.153355 12.196978 0.0
9.969316 12.050823 0.0
9.748168 11.857307 0.0
10.1673155 12.444702 0.0
9.889606 12.180796 0.0
9.72664 12.055395 0.0
9.714666 12.116359 0.0
9.864429 12.380708 0.0
9.640212 12.175681 0.0
9.590482 12.189452 0.0
9.848723 12.596935 0.0
9.638285 12.405949 0.0
9.606326 12.443347 0.0
9.720307 12.67109 0.0
9.493496 12.454281 0.0
9.47943 12.515206 0.0
9.717644 12.911738 0.0
9.384569 12.549054 0.0
9.507099 12.794477 0.0
9.598513 13.000545 0.0
9.239212 12.594497 0.0
9.371385 12.857109 0.0
9.402319 12.982962 0.0
9.479295 13.17406 0.0
9.316743 13.032218 0.0
9.143569 12.873199 0.0
9.357761 13.260663 0.0
9.047263 12.904442 0.0
8.979092 12.891083 0.0
9.29234 13.428378 0.0
8.945222 13.0118065 0.0
8.741745 12.799683 0.0
8.825993 13.008468 0.0
8.869918 13.1598425 0.0
8.623685 12.87952 0.0
8.584169 12.905891 0.0
9.77389 14.7927 0.0
8.603663 13.108752 0.0
8.377759 12.8502445 0.0
8.479661 13.094095 0.0
8.244731 12.817255 0.0
8.210792 12.850891 0.0
8.224949 12.96043 0.0
7.955894 12.621813 0.0
7.922479 12.6546135 0.0
8.05791 12.959079 0.0
8.091713 13.102831 0.0
7.7535048 12.64168 0.0
7.813562 12.827651 0.0
8.421198 13.921074 0.0
7.7244835 12.858162 0.0
7.7106543 12.924717 0.0
8.267355 13.9549 0.0
7.4791636 12.713166 0.0
7.445208 12.744664 0.0
7.350917 12.672275 0.0
7.192254 12.486776 0.0
7.2582045 12.691054 0.0
7.189645 12.661066 0.0
7.563353 13.414757 0.0
7.131438 12.739803 0.0
6.966055 12.53434 0.0
7.5218134 13.63258 0.0
6.9275236 12.646969 0.0
6.812293 12.527579 0.0
7.4864025 13.86836 0.0
6.8392835 12.763018 0.0
6.607588 12.421944 0.0
6.5834923 12.468666 0.0
6.4384785 12.2850685 0.0
6.4377136 12.375715 0.0
6.4960923 12.581987 0.0
6.5532665 12.78873 0.0
6.3689814 12.52352 0.0
6.362107 12.605474 0.0
6.650362 13.277619 0.0
6.186796 12.44723 0.0
6.206122 12.582725 0.0
6.8357134 13.966944 0.0
6.1288733 12.620531 0.0
6.111867 12.6843 0.0
6.297247 13.172118 0.0
5.926859 12.495649 0.0
5.8970475 12.531852 0.0
5.740167 12.296152 0.0
5.652026 12.204798 0.0
5.739825 12.494676 0.0
5.6351557 12.366613 0.0
5.97614 13.222173 0.0
5.702417 12.720301 0.0
5.533395 12.445317 0.0
6.015697 13.642561 0.0
5.585213 12.772196 0.0
5.327221 12.284658 0.0
5.4949627 12.778634 0.0
5.2753496 12.372275 0.0
5.155629 12.1949625 0.0
5.125959 12.229152 0.0
5.130665 12.346383 0.0
5.0356607 12.223359 0.0
5.0170765 12.285026 0.0
5.515987 13.625854 0.0
4.9379506 12.306269 0.0
4.83369 12.154087 0.0
5.3464613 13.564357 0.0
4.81367 12.323209 0.0
4.7217293 12.198019 0.0
4.90994 12.800648 0.0
4.621998 12.161302 0.0
4.619941 12.268995 0.0
4.550856 12.198775 0.0
4.613976 12.484684 0.0
4.572251 12.489376 0.0
4.4453144 12.258906 0.0
4.9046035 13.65595 0.0
4.4739747 12.577998 0.0
4.265959 12.110623 0.0
4.887514 14.012059 0.0
4.377719 12.675318 0.0
4.1641283 12.177723 0.0
4.7360215 13.990104 0.0
4.260983 12.715035 0.0
4.04883 12.206006 0.0
4.232869 12.892933 0.0
3.986291 12.268639 0.0
3.8292909 11.909519 0.0
3.783675 11.8926115 0.0
3.8012512 12.075848 0.0
3.698808 11.877392 0.0
3.6653304 11.898229 0.0
3.684224 12.091157 0.0
3.5865543 11.901324 0.0
3.552916 11.921845 0.0
3.5304906 11.980639 0.0
3.4657815 11.895397 0.0
3.4459124 11.963619 0.0
3.8364072 13.474497 0.0
3.4429405 12.2347975 0.0
3.3009293 11.869552 0.0
3.240686 11.79283 0.0
3.1678426 11.667599 0.0
3.1450183 11.725547 0.0
3.12187 11.783464 0.0
3.3009055 12.615293 0.0
3.0971103 11.986338 0.0
3.020806 11.840741 0.0
3.3923655 13.469372 0.0
3.0398421 12.227811 0.0
2.9189515 11.897152 0.0
3.3271976 13.742975 0.0
2.9853606 12.4984045 0.0
2.7796197 11.796953 0.0
3.0603492 13.16908 0.0
2.8033009 12.232906 0.0
2.6622143 11.782997 0.0
2.7782595 12.47436 0.0
2.6478217 12.062817 0.0
2.5368454 11.7287855 0.0
2.488379 11.677823 0.0
2.5018733 11.920279 0.0
2.4127 11.673271 0.0
2.3769088 11.680613 0.0
2.392161 11.942779 0.0
2.3052626 11.694963 0.0
2.2389436 11.544901 0.0
2.2410233 11.748166 0.0
2.1552267 11.489608 0.0
2.1272535 11.535497 0.0
2.1168547 11.679719 0.0
2.051242 11.518785 0.0
2.0297103 11.603822 0.0
1.9941351 11.609988 0.0
1.933601 11.468134 0.0
1.9082364 11.5332 0.0
2.0122628 12.397758 0.0
1.8500763 11.623688 0.0
1.8021086 11.55026 0.0
1.7712325 11.585384 0.0
1.697208 11.333626 0.0
1.6885747 11.516871 0.0
1.6632102 11.591283 0.0
1.7680626 12.596521 0.0
1.6206758 11.80931 0.0
1.5632046 11.6556425 0.0
1.7599695 13.435215 0.0
1.5196321 11.883228 0.0
1.46587 11.748907 0.0
1.5965065 13.123246 0.0
1.4208969 11.986073 0.0
1.3245195 11.473803 0.0
1.4411654 12.829308 0.0
1.3008527 11.909163 0.0
1.214741 11.445721 0.0
1.1755546 11.409601 0.0
1.1644446 11.651959 0.0
1.1055912 11.416592 0.0
1.0687274 11.400015 0.0
1.0536445 11.622337 0.0
0.9970799 11.386427 0.0
0.96385956 11.409359 0.0
0.94592184 11.621568 0.0
0.8907786 11.375175 0.0
0.862661 11.467599 0.0
0.84046113 11.649723 0.0
0.7854577 11.372909 0.0
0.7538883 11.425155 0.0
0.7263993 11.547175 0.0
0.67786485 11.32974 0.0
0.64483607 11.361716 0.0
0.6137605 11.4335375 0.0
0.5731542 11.325506 0.0
0.5408131 11.377153 0.0
0.5086036 11.438699 0.0
0.48760322 11.779913 0.0
0.43885842 11.451594 0.0
0.40375602 11.452886 0.0
0.40403655 12.5535 0.0
0.3387818 11.63507 0.0
0.3010342 11.556079 0.0
0.30674237 13.346476 0.0
0.23596516 11.847651 0.0
0.19392142 11.508367 0.0
0.18828194 13.658703 0.0
0.12819414 11.959312 0.0
0.08809426 11.509663 0.0
0.05639614 12.28987 0.0
0.01811666 11.889987 0.0
-0.017694123 11.479986 0.0
-0.052833967 11.469878 0.0
-0.08967778 11.689655 0.0
-0.12303666 11.459339 0.0
-0.1581588 11.458909 0.0
-0.1971599 11.688337 0.0
-0.22780173 11.42773 0.0
-0.2639762 11.476964 0.0
-0.30592832 11.736013 0.0
-0.33432576 11.475131 0.0
-0.3691734 11.464058 0.0
-0.41100758 11.652754 0.0
-0.43790936 11.421608 0.0
-0.47291568 11.420213 0.0
-0.515915 11.598532 0.0
-0.5419621 11.397121 0.0
-0.5768929 11.395407 0.0
-0.6203963 11.553356 0.0
-0.6439012 11.341737 0.0
-0.68105143 11.379639 0.0
-0.7190667 11.427399 0.0
-0.74420923 11.275466 0.0
-0.7835904 11.342966 0.0
-0.82483053 11.430279 0.0
-0.93639237 12.44482 0.0
-0.90893906 11.604458 0.0
-0.93233085 11.452112 0.0
-1.1215081 13.272702 0.0
-1.0286908 11.745038 0.0
-1.0384961 11.453014 0.0
-1.2267001 13.082615 0.0
-1.1366425 11.735082 0.0
-1.1427677 11.43303 0.0
-1.3090148 12.702731 0.0
-1.2402759 11.684358 0.0
-1.2456737 11.402158 0.0
-1.2828496 11.41816 0.0
-1.3396319 11.6029215 0.0
-1.3469311 11.360431 0.0
-1.3853693 11.386029 0.0
-1.4512167 11.629805 0.0
-1.4564074 11.387241 0.0
-1.4926028 11.392639 0.0
-1.5554321 11.596148 0.0
-1.5528924 11.313926 0.0
-1.5889535 11.319016 0.0
-1.6563104 11.54176 0.0
-1.659761 11.318957 0.0
-1.690002 11.284148 0.0
-1.7593436 11.506272 0.0
-1.7545173 11.243935 0.0
-1.7905437 11.24838 0.0
-1.8618642 11.469867 0.0
-1.8545657 11.207595 0.0
-1.8955592 11.241302 0.0
-1.9604785 11.412841 0.0
-1.9558176 11.180219 0.0
-2.0076094 11.272622 0.0
-2.054635 11.335293 0.0
-2.0621638 11.18143 0.0
-2.1001127 11.194715 0.0
-2.145658 11.247162 0.0
-2.1458492 11.063826 0.0
-2.202959 11.174931 0.0
-2.2450564 11.207348 0.0
-2.3432126 11.513986 0.0
-2.3278856 11.261925 0.0
-2.3541765 11.21559 0.0
-2.603218 12.215702 0.0
-2.460939 11.376879 0.0
-2.461492 11.213004 0.0
-2.921969 13.1185255 0.0
-2.6249528 11.617131 0.0
-2.5734267 11.228886 0.0
-3.0198324 12.993699 0.0
-2.7775323 11.787171 0.0
-2.692831 11.272833 0.0
-3.047406 12.586335 0.0
-2.8595846 11.654303 0.0
-2.7939577 11.237892 0.0
-3.0604239 12.150501 0.0
-2.998763 11.753482 0.0
-2.944707 11.395683 0.0
-2.9770896 11.37693 0.0
-3.0657318 11.570747 0.0
-3.0390024 11.329491 0.0
-3.0710926 11.3104725 0.0
-3.1746445 11.551711 0.0
-3.1403687 11.291434 0.0
-3.174962 11.281755 0.0
-3.2642968 11.464326 0.0
-3.2495959 11.2813 0.0
-3.29255 11.300089 0.0
-3.4232829 11.616076 0.0
-3.4046013 11.423445 0.0
-3.4020858 11.288486 0.0
-3.4395852 11.287571 0.0
-3.4329462 11.143181 0.0
-3.4849246 11.189893 0.0
-4.026669 12.791171 0.0
-3.632285 11.416081 0.0
-3.6029754 11.204975 0.0
-4.2430034 13.0579405 0.0
-3.758938 11.448706 0.0
-3.715298 11.199846 0.0
-4.1372795 12.345175 0.0
-3.819156 11.281053 0.0
-3.8181229 11.165211 0.0
-4.3420286 12.571268 0.0
-4.0347075 11.566488 0.0
-4.0203023 11.412588 0.0
-4.320028 12.144524 0.0
-4.096946 11.406552 0.0
-4.114843 11.346937 0.0
-4.0602155 11.090119 0.0
-4.083787 11.049483 0.0
-4.250463 11.392943 0.0
-4.2184033 11.202052 0.0
-4.6399755 12.207958 0.0
-4.4624844 11.633479 0.0
-4.342888 11.218744 0.0
-5.2286897 13.38498 0.0
-4.638941 11.768719 0.0
-4.456947 11.206213 0.0
-5.1876817 12.927987 0.0
-4.7244425 11.66995 0.0
-4.7375026 11.59987 0.0
-5.344428 12.972201 0.0
-5.0234275 12.087733 0.0
-4.7047906 11.223807 0.0
-4.676864 11.061964 0.0
-4.742126 11.121167 0.0
-4.709031 10.950408 0.0
-4.7545094 10.963446 0.0
-4.8001094 10.976309 0.0
-4.801452 10.888345 0.0
-4.851053 10.910127 0.0
-5.399917 12.044953 0.0
-4.9960995 11.05332 0.0
-4.9677534 10.90146 0.0
-5.785965 12.59453 0.0
-5.156355 11.133953 0.0
-5.1016235 10.92781 0.0
-6.2549367 13.291797 0.0
-5.438512 11.465545 0.0
-5.5383296 11.584149 0.0
-6.1120906 12.684193 0.0
-5.4519672 11.226151 0.0
-5.429201 11.092622 0.0
-6.033823 12.232848 0.0
-5.5059986 11.077044 0.0
-5.6026244 11.185289 0.0
-5.8892126 11.667994 0.0
-5.557753 10.927899 0.0
-5.6961145 11.115501 0.0
-5.9870744 11.595578 0.0
-5.6487694 10.858591 0.0
-5.784154 11.036085 0.0
-5.7385755 10.867973 0.0
-5.7061076 10.726734 0.0
-6.022365 11.238043 0.0
-6.042531 11.193132 0.0
-6.2631283 11.517176 0.0
-6.072597 11.085719 0.0
-6.03408 10.93572 0.0
-6.393053 11.502803 0.0
-6.2475433 11.1603 0.0
-6.0607066 10.749112 0.0
-6.7059507 11.808752 0.0
-6.3796864 11.154467 0.0
-6.249132 10.848905 0.0
-7.3913026 12.741333 0.0
-6.552602 11.216216 0.0
-6.368906 10.825462 0.0
-7.202315 12.156626 0.0
-6.5427403 10.966561 0.0
-6.6484203 11.066463 0.0
-7.3034377 12.072775 0.0
-6.6537046 10.9230175 0.0
-6.5407586 10.663892 0.0
-6.993776 11.324451 0.0
-6.6007237 10.615105 0.0
-6.702215 10.7050085 0.0
-6.692335 10.616739 0.0
-7.083858 11.16187 0.0
-6.8649755 10.74405 0.0
-6.951976 10.807059 0.0
-7.555829 11.667024 0.0
-7.039938 10.797749 0.0
-7.1498218 10.893161 0.0
-7.9715037 12.064274 0.0
-7.222 10.857455 0.0
-7.427725 11.092854 0.0
-8.1100445 12.031927 0.0
-7.557345 11.138139 0.0
-7.551969 11.057117 0.0
-8.027718 11.676671 0.0
-7.32939 10.591244 0.0
-7.4132605 10.642578 0.0
-7.8132586 11.143837 0.0
-7.3688073 10.441699 0.0
-7.626623 10.737017 0.0
-7.578075 10.599702 0.0
-7.6338897 10.608894 0.0
-7.7484894 10.698832 0.0
-7.6634383 10.5134115 0.0
-8.174752 11.142972 0.0
-7.9356356 10.747804 0.0
-7.795571 10.490661 0.0
-9.109344 12.180475 0.0
-8.286695 11.0099535 0.0
-8.217756 10.84899 0.0
-8.917835 11.69856 0.0
-8.052808 10.496913 0.0
-8.054388 10.432604 0.0
-8.601691 11.071194 0.0
-8.167462 10.446059 0.0
-8.162341 10.373822 0.0
-8.231345 10.395796 0.0
-8.294329 10.409621 0.0
-8.251126 10.29053 0.0
-8.339145 10.335235 0.0
-8.956991 11.031609 0.0
-8.478268 10.376848 0.0
-8.516384 10.358538 0.0
-9.376768 11.334033 0.0
-8.765264 10.529015 0.0
-9.189208 10.96971 0.0
-9.989743 11.851372 0.0
-8.932859 10.531863 0.0
-8.952115 10.48922 0.0
-9.34255 10.878986 0.0
-8.839712 10.229853 0.0
-9.028501 10.383823 0.0
-8.941764 10.220629 0.0
-8.933401 10.148139 0.0
-9.110336 10.285396 0.0
-9.008751 10.108116 0.0
-9.513705 10.609049 0.0
-9.452391 10.475896 0.0
-9.316412 10.261777 0.0
-10.069475 11.023184 0.0
-9.791931 10.653591 0.0
-9.681958 10.469351 0.0
-10.497387 11.281532 0.0
-9.739118 10.402504 0.0
-9.476114 10.059606 0.0
-10.050349 10.603895 0.0
-9.786047 10.261855 0.0
-9.672062 10.080283 0.0
-9.758476 10.108147 0.0
-9.517678 9.798439 0.0
-9.694447 9.919406 0.0
-9.80193 9.968077 0.0
-9.748037 9.852684 0.0
-9.83463 9.879456 0.0
-9.935633 9.91992 0.0
-10.384788 10.305004 0.0
-10.323767 10.181838 0.0
-10.562025 10.35315 0.0
-11.25268 10.962724 0.0
-10.409768 10.079526 0.0
-10.375764 9.985164 0.0
-11.28074 10.789673 0.0
-10.444026 9.928264 0.0
-10.561634 9.978616 0.0
-11.219095 10.534893 0.0
-10.498321 9.797696 0.0
-10.799574 10.017089 0.0
-10.697881 9.861939 0.0
-10.57322 9.68724 0.0
-10.891224 9.917364 0.0
-10.795523 9.769867 0.0
-11.070774 9.957412 0.0
-11.078876 9.9034395 0.0
-11.228791 9.975703 0.0
-12.37625 10.927421 0.0
-11.725687 10.289229 0.0
-11.229603 9.793162 0.0
-12.257058 10.623225 0.0
-11.547037 9.946032 0.0
-11.235612 9.61796 0.0
-11.821054 10.056494 0.0
-11.492908 9.716766 0.0
-11.292948 9.488511 0.0
-11.321978 9.453852 0.0
-11.527899 9.565978 0.0
-11.50316 9.486064 0.0
-11.594056 9.501472 0.0
-12.406269 10.103685 0.0
-11.776455 9.530875 0.0
-11.930292 9.595013 0.0
-13.139204 10.501128 0.0
-12.278625 9.75181 0.0
-11.868867 9.367199 0.0
-11.999816 9.411 0.0
-11.7131 9.128295 0.0
-11.8121805 9.147458 0.0
-11.887713 9.1478 0.0
-12.138123 9.281399 0.0
-12.047076 9.153406 0.0
-11.979305 9.044132 0.0
-12.638916 9.481444 0.0
-12.387299 9.233491 0.0
-12.0780325 8.945505 0.0
-12.894701 9.489299 0.0
-12.503964 9.14281 0.0
-12.192136 8.857579 0.0
-12.584102 9.083544 0.0
-13.050698 9.35964 0.0
-12.680267 9.035249 0.0
-12.520181 8.863446 0.0
-12.710876 8.94009 0.0
-12.443125 8.694886 0.0
-12.642224 8.776462 0.0
-12.90779 8.902322 0.0
-12.869022 8.817498 0.0
-12.945587 8.811773 0.0
-13.353593 9.029728 0.0
-13.181982 8.854928 0.0
-13.242334 8.836684 0.0
-13.419385 8.895511 0.0
-13.429884 8.843337 0.0
-13.791676 9.0210905 0.0
-13.961815 9.071396 0.0
-13.762695 8.8821535 0.0
-14.26972 9.147544 0.0
-14.263951 9.082278 0.0
-14.2748165 9.027829 0.0
-14.116125 8.867011 0.0
-14.228081 8.876634 0.0
-14.46773 8.9646635 0.0
-14.367392 8.8416605 0.0
-14.471217 8.844516 0.0
-15.216331 9.235977 0.0
-14.687884 8.85373 0.0
-14.586252 8.731625 0.0
-14.673115 8.722648 0.0
-14.579221 8.6064625 0.0
-14.588279 8.5516205 0.0
-14.7527 8.58736 0.0
-15.255133 8.817331 0.0
-15.056585 8.641113 0.0
-14.744153 8.401837 0.0
-14.970016 8.469865 0.0
-14.525106 8.159469 0.0
-14.48891 8.080816 0.0
-14.784812 8.186536 0.0
-14.3892 7.909951 0.0
-14.536266 7.9328785 0.0
-14.868253 8.055007 0.0
-14.346829 7.7157345 0.0
-14.414519 7.695275 0.0
-14.72079 7.800893 0.0
-14.14281 7.4391756 0.0
-14.254189 7.4420757 0.0
-14.747503 7.6422014 0.0
-14.468505 7.4414563 0.0
-14.535779 7.419806 0.0
-14.8617525 7.5288715 0.0
-15.769269 7.927968 0.0
-14.531804 7.2501216 0.0
-14.383683 7.1212482 0.0
-15.114496 7.425472 0.0
-14.409089 7.024176 0.0
-14.367535 6.9495006 0.0
-15.299335 7.342428 0.0
-14.509182 6.9085846 0.0
-14.222864 6.718857 0.0
-14.913456 6.9892597 0.0
-14.300056 6.648405 0.0
-14.211396 6.5542893 0.0
-14.285981 6.535661 0.0
-14.333264 6.504239 0.0
-14.280181 6.427444 0.0
-14.372867 6.416254 0.0
-16.276104 7.206138 0.0
-15.062021 6.6134734 0.0
-14.357907 6.2518873 0.0
-14.505532 6.2633476 0.0
-14.156948 6.061421 0.0
-14.184666 6.021908 0.0
-14.470343 6.090909 0.0
-14.202855 5.927141 0.0
-14.063869 5.8185887 0.0
-14.31294 5.8703203 0.0
-13.951055 5.6720085 0.0
-14.024026 5.6516476 0.0
-14.329165 5.723628 0.0
-14.039811 5.5582128 0.0
-13.926453 5.46402 0.0
-14.222744 5.5300236 0.0
-15.228748 5.8675036 0.0
-14.620725 5.5818353 0.0
-14.619059 5.5299196 0.0
-15.8158045 5.92726 0.0
-14.287069 5.304457 0.0
-14.200022 5.22267 0.0
-14.103213 5.1380444 0.0
-13.968392 5.040488 0.0
-13.851943 4.9505334 0.0
-14.074445 4.9814568 0.0
-14.051897 4.925066 0.0
-13.896877 4.822956 0.0
-13.921052 4.783588 0.0
-14.872895 5.0597506 0.0
-14.063838 4.736463 0.0
-14.059315 4.6870084 0.0
-15.241668 5.029321 0.0
-14.42049 4.709392 0.0
-14.016179 4.5298576 0.0
-15.43014 4.9346533 0.0
-14.024615 4.437821 0.0
-13.837744 4.3320727 0.0
-14.080214 4.3606424 0.0
-13.864039 4.2471666 0.0
-13.81 4.184354 0.0
-14.119715 4.230991 0.0
-14.525722 4.3041754 0.0
-13.953453 4.0881224 0.0
-13.994733 4.053684 0.0
-14.583911 4.1759357 0.0
-13.769147 3.8970127 0.0
-14.021785 3.922138 0.0
-15.44097 4.2681217 0.0
-13.987684 3.8203003 0.0
-14.327588 3.8659828 0.0
-15.07373 4.017791 0.0
-13.944856 3.6711557 0.0
-14.033469 3.6485257 0.0
-13.831495 3.5507941 0.0
-13.677525 3.4666157 0.0
-13.959713 3.4926362 0.0
-13.669392 3.375516 0.0
-13.563087 3.3051908 0.0
-13.709273 3.2963324 0.0
-13.622013 3.2312198 0.0
-14.800297 3.4628332 0.0
-13.768236 3.1768818 0.0
-13.680401 3.1124845 0.0
-14.811997 3.3222213 0.0
-13.816393 3.0544662 0.0
-13.972252 3.044037 0.0
-15.526328 3.332797 0.0
-14.235242 3.0100467 0.0
-13.588473 2.8298059 0.0
-14.37098 2.9468338 0.0
-13.527146 2.7306232 0.0
-13.417752 2.665768 0.0
-13.602516 2.659163 0.0
-13.738264 2.6420078 0.0
-13.481 2.549713 0.0
-13.764032 2.5595717 0.0
-14.676818 2.6827989 0.0
-13.44482 2.41504 0.0
-13.5703335 2.3946722 0.0
-14.809251 2.5665162 0.0
-13.5551815 2.3064098 0.0
-13.631231 2.2763813 0.0
-15.611828 2.5579743 0.0
-14.158343 2.275283 0.0
-13.928175 2.1945257 0.0
-14.784762 2.2830698 0.0
-13.545867 2.0492692 0.0
-13.393811 1.9842955 0.0
-13.152418 1.9073532 0.0
-12.970087 1.8403387 0.0
-13.292629 1.844562 0.0
-13.139673 1.7823043 0.0
-13.809266 1.8300421 0.0
-13.428036 1.7376591 0.0
-13.185268 1.6651689 0.0
-14.748534 1.8166846 0.0
-13.552661 1.6272287 0.0
-13.249683 1.5496689 0.0
-14.844102 1.6900454 0.0
-13.805592 1.5289619 0.0
-13.750558 1.4802176 0.0
-14.809284 1.548284 0.0
-13.401212 1.3595637 0.0
-13.166469 1.2949895 0.0
-13.180331 1.2555751 0.0
-12.965046 1.1949816 0.0
-12.869041 1.1463639 0.0
-13.1913185 1.1343293 0.0
-13.613297 1.1285949 0.0
-12.98869 1.0367372 0.0
-13.091514 1.0045717 0.0
-14.95948 1.101801 0.0
-13.257029 0.935566 0.0
-13.269812 0.8956008 0.0
-14.899123 0.95970315 0.0
-13.734189 0.8424025 0.0
-13.926386 0.81135255 0.0
-14.717607 0.81219643 0.0
-13.242032 0.6900612 0.0
-13.244085 0.64946973 0.0
-13.006268 0.5978519 0.0
-12.558451 0.5387013 0.0
-13.109608 0.52209234 0.0
-13.001221 0.47786716 0.0
-13.7522 0.4632688 0.0
-13.333752 0.40826088 0.0
-13.055046 0.3596783 0.0
-14.795567 0.36225396 0.0
-13.516899 0.2894945 0.0
-12.897828 0.2366868 0.0
-14.688284 0.22451283 0.0
-13.988956 0.17093767 0.0
-13.629429 0.12476394 0.0
-14.729727 0.08968871 0.0
-13.409939 0.040548768 0.0
-13.02 -5.3816655E-4 0.0
-12.969937 -0.04028741 0.0
-12.6597595 -0.078128345 0.0
-12.849452 -0.11868635 0.0
-12.969019 -0.15954377 0.0
-13.858363 -0.21296997 0.0
-12.847817 -0.23683153 0.0
-12.977001 -0.27900156 0.0
-14.625587 -0.35929853 0.0
-13.194963 -0.36462474 0.0
-13.09383 -0.40199515 0.0
-14.591682 -0.49275252 0.0
-13.320965 -0.49072224 0.0
-13.659127 -0.54510474 0.0
-14.366738 -0.6174551 0.0
-12.956271 -0.596627 0.0
-13.224055 -0.6495802 0.0
-12.792586 -0.6676973 0.0
-12.580801 -0.69531614 0.0
-13.127677 -0.7659086 0.0
-12.995511 -0.7981701 0.0
-13.032921 -0.84057343 0.0
-13.010329 -0.87916833 0.0
-12.74822 -0.9007147 0.0
-13.962096 -1.0294986 0.0
-13.360638 -1.0263338 0.0
-12.998573 -1.0386044 0.0
-14.55995 -1.2082845 0.0
-13.49012 -1.1611469 0.0
-13.476537 -1.2015988 0.0
-15.39463 -1.4201949 0.0
-13.648106 -1.3012744 0.0
-12.8678055 -1.2666852 0.0
-12.913606 -1.3111713 0.0
-13.028874 -1.3632343 0.0
-12.855614 -1.3849505 0.0
-12.891066 -1.4287543 0.0
-12.7276535 -1.4501474 0.0
-12.752946 -1.4926366 0.0
-12.6986685 -1.525754 0.0
-14.351388 -1.7689698 0.0
-13.066079 -1.6512107 0.0
-12.723771 -1.6475899 0.0
-14.393995 -1.9087427 0.0
-13.08998 -1.7766627 0.0
-13.173617 -1.8291543 0.0
-14.593653 -2.0719388 0.0
-13.330396 -1.9342852 0.0
-12.958404 -1.9208812 0.0
-12.873356 -1.9486182 0.0
-12.689434 -1.9605794 0.0
-12.851292 -2.025937 0.0
-12.795655 -2.0573807 0.0
-13.332045 -2.185567 0.0
-13.147744 -2.1967537 0.0
-12.8550625 -2.1883748 0.0
-14.306536 -2.4806113 0.0
-13.323943 -2.3523262 0.0
-12.854081 -2.3100216 0.0
-15.040561 -2.7505724 0.0
-13.498377 -2.511321 0.0
-12.881426 -2.4374127 0.0
-14.7200365 -2.8320742 0.0
-13.464901 -2.6334128 0.0
-12.90751 -2.5655015 0.0
-12.772159 -2.5793183 0.0
-12.950317 -2.6566327 0.0
-12.697369 -2.645325 0.0
-12.679417 -2.6821618 0.0
-12.847124 -2.758802 0.0
-12.633426 -2.753447 0.0
-12.673746 -2.8029542 0.0
-12.791943 -2.870246 0.0
-12.588073 -2.8650558 0.0
-12.59872 -2.9081244 0.0
-12.657904 -2.962677 0.0
-12.551466 -2.9783728 0.0
-12.590891 -3.0285234 0.0
-14.204036 -3.4626238 0.0
-13.008958 -3.2135663 0.0
-13.134858 -3.287416 0.0
-12.698216 -3.2195206 0.0
-12.417088 -3.188781 0.0
-12.494358 -3.249479 0.0
-12.5133505 -3.2953973 0.0
-13.4211235 -3.578485 0.0
-12.69566 -3.4267685 0.0
-12.550045 -3.4287689 0.0
-13.956313 -3.8589783 0.0
-12.827326 -3.5891676 0.0
-12.517987 -3.5440214 0.0
-14.5162735 -4.1578627 0.0
-13.1107435 -3.798802 0.0
-12.561642 -3.681473 0.0
-12.502361 -3.7057467 0.0
-12.739996 -3.8187017 0.0
-12.900495 -3.9099433 0.0
-13.13704 -4.0256395 0.0
-12.962254 -4.015581 0.0
-12.634965 -3.956675 0.0
-12.603711 -3.9893453 0.0
-12.800963 -4.09499 0.0
-12.521928 -4.0480776 0.0
-12.566495 -4.1050677 0.0
-12.762769 -4.212521 0.0
-12.465202 -4.1567183 0.0
-12.509265 -4.2140574 0.0
-12.704562 -4.3232527 0.0
-12.416998 -4.267909 0.0
-12.4321995 -4.3157835 0.0
-12.598214 -4.416729 0.0
-12.707165 -4.4987082 0.0
-12.749814 -4.5578303 0.0
-12.933311 -4.6681843 0.0
-13.651799 -4.974865 0.0
-12.604132 -4.636893 0.0
-12.439869 -4.6198015 0.0
-13.858298 -5.1949553 0.0
-12.570316 -4.7561297 0.0
-12.37818 -4.7268553 0.0
-13.959242 -5.379699 0.0
-12.591291 -4.896885 0.0
-12.334193 -4.8404727 0.0
-13.797615 -5.4636464 0.0
-12.52716 -5.005037 0.0
-12.26134 -4.9424644 0.0
-12.449925 -5.062898 0.0
-12.554622 -5.1503754 0.0
-12.455618 -5.154415 0.0
-12.7996645 -5.342799 0.0
-13.1058035 -5.517818 0.0
-12.7390585 -5.4094343 0.0
-12.474221 -5.342163 0.0
-12.6230345 -5.451741 0.0
-12.331221 -5.3706136 0.0
-12.342169 -5.420448 0.0
-12.535798 -5.5513825 0.0
-12.263054 -5.4756165 0.0
-12.255332 -5.517284 0.0
-12.475119 -5.662281 0.0
-12.203095 -5.5839825 0.0
-12.204083 -5.6297374 0.0
-12.386256 -5.7598834 0.0
-12.169345 -5.704442 0.0
-12.377841 -5.848519 0.0
-12.395969 -5.90363 0.0
-12.495014 -5.997851 0.0
-12.800638 -6.1929035 0.0
-12.808562 -6.2452574 0.0
-12.026486 -5.909621 0.0
-12.205467 -6.044084 0.0
-12.276362 -6.1261177 0.0
-12.230727 -6.1502366 0.0
-12.185059 -6.174137 0.0
-12.219514 -6.238739 0.0
-12.760555 -6.5643525 0.0
-12.260946 -6.354943 0.0
-12.161633 -6.350834 0.0
-13.40765 -7.0538936 0.0
-12.343365 -6.5423427 0.0
-12.14683 -6.485942 0.0
-13.086827 -7.039499 0.0
-12.291478 -6.6603265 0.0
-12.446558 -6.7937927 0.0
-13.372059 -7.352254 0.0
-12.772095 -7.0734444 0.0
-12.322431 -6.8738494 0.0
-13.547998 -7.6120524 0.0
-12.645592 -7.1561084 0.0
-12.206577 -6.9571533 0.0
-13.494779 -7.74626 0.0
-12.605229 -7.2870965 0.0
-12.159375 -7.0791607 0.0
-13.190063 -7.733455 0.0
-12.477416 -7.367103 0.0
-12.102364 -7.195777 0.0
-12.68941 -7.5975623 0.0
-12.323508 -7.4298882 0.0
-12.001494 -7.285996 0.0
-11.9876375 -7.327963 0.0
-12.305767 -7.5743394 0.0
-12.375993 -7.669968 0.0
-12.445745 -7.7660985 0.0
-12.337211 -7.7510085 0.0
-12.051408 -7.6230683 0.0
-12.002681 -7.643856 0.0
-12.113891 -7.766966 0.0
-11.913591 -7.690172 0.0
-11.923505 -7.7484484 0.0
-11.941542 -7.8123283 0.0
-11.808971 -7.77739 0.0
-11.843419 -7.85223 0.0
-13.191697 -8.804471 0.0
-12.143685 -8.15891 0.0
-11.870118 -8.028026 0.0
-13.126717 -8.936651 0.0
-12.092898 -8.287185 0.0
-12.347312 -8.51727 0.0
-13.002918 -9.028457 0.0
-12.00799 -8.3923 0.0
-11.90042 -8.371529 0.0
-11.842059 -8.384851 0.0
-11.64529 -8.299229 0.0
-11.790439 -8.457285 0.0
-11.748244 -8.481677 0.0
-11.900171 -8.646967 0.0
-12.099622 -8.848686 0.0
-11.927477 -8.779032 0.0
-12.406748 -9.19055 0.0
-12.138004 -9.049224 0.0
-11.822253 -8.870329 0.0
-12.481324 -9.424762 0.0
-12.110017 -9.202803 0.0
-11.787851 -9.015108 0.0
-12.655649 -9.740401 0.0
-12.301592 -9.528086 0.0
-11.956845 -9.31984 0.0
-12.935359 -10.146433 0.0
-12.166368 -9.603621 0.0
-11.761022 -9.342311 0.0
-12.794648 -10.227481 0.0
-12.030796 -9.677476 0.0
-11.659077 -9.437473 0.0
-11.785166 -9.599472 0.0
-11.7247505 -9.610193 0.0
-11.672096 -9.626998 0.0
-11.696399 -9.707434 0.0
-11.704968 -9.775286 0.0
-11.598394 -9.746781 0.0
-11.621917 -9.827485 0.0
-12.231497 -10.407406 0.0
-11.804536 -10.106658 0.0
-12.137162 -10.456084 0.0
-12.286407 -10.650435 0.0
-11.711106 -10.214773 0.0
-11.634646 -10.211043 0.0
-12.540254 -11.074065 0.0
-11.624162 -10.328667 0.0
-11.525354 -10.304261 0.0
-11.523457 -10.366289 0.0
-11.321109 -10.247214 0.0
-11.444907 -10.423269 0.0
-11.56036 -10.593417 0.0
-11.344037 -10.459336 0.0
-11.685813 -10.840912 0.0
-11.528256 -10.760677 0.0
-12.267887 -11.5216255 0.0
-11.810953 -11.160819 0.0
-11.85641 -11.27276 0.0
-12.544407 -12.00031 0.0
-11.923976 -11.476991 0.0
-11.57267 -11.207383 0.0
-11.917858 -11.612677 0.0
-11.675126 -11.446132 0.0
-11.376578 -11.222027 0.0
-11.377616 -11.292067 0.0
-11.484472 -11.468206 0.0
-11.265857 -11.319073 0.0
-11.245174 -11.367767 0.0
-11.476688 -11.673153 0.0
-11.294088 -11.558079 0.0
-11.279511 -11.614161 0.0
-11.361925 -11.770992 0.0
-11.208104 -11.683087 0.0
-11.344761 -11.898319 0.0
-11.562743 -12.201602 0.0
-11.278465 -11.97492 0.0
-11.118701 -11.87802 0.0
-11.518175 -12.38062 0.0
-10.970999 -11.865191 0.0
-10.927816 -11.891397 0.0
-11.747785 -12.862579 0.0
-10.94209 -12.054421 0.0
-10.851505 -12.028501 0.0
-10.847964 -12.098932 0.0
-10.604591 -11.900682 0.0
-10.713925 -12.097826 0.0
-10.690007 -12.145621 0.0
-10.323535 -11.801992 0.0
-10.648159 -12.248657 0.0
-10.617104 -12.288805 0.0
-10.9767685 -12.784094 0.0
-10.840165 -12.703574 0.0
-10.542466 -12.43167 0.0
-10.607422 -12.58627 0.0
-10.607319 -12.6647215 0.0
-10.363734 -12.451225 0.0
-11.10313 -13.423 0.0
-10.636476 -12.939392 0.0
-10.394319 -12.724112 0.0
-10.38048 -12.786966 0.0
-10.485652 -12.997736 0.0
-10.258114 -12.795746 0.0
-10.237545 -12.850587 0.0
-10.340869 -13.062237 0.0
-10.158576 -12.913103 0.0
-10.131267 -12.959936 0.0
-10.355285 -13.33051 0.0
-10.131063 -13.124707 0.0
-10.261205 -13.377865 0.0
-10.123165 -13.282001 0.0
-9.810725 -12.954235 0.0
-9.819076 -13.048166 0.0
-9.83892 -13.158289 0.0
-9.589808 -12.907439 0.0
-9.67493 -13.105718 0.0
-9.705688 -13.232072 0.0
-9.29992 -12.760706 0.0
-9.524686 -13.153629 0.0
-9.571926 -13.3045225 0.0
-9.752079 -13.642941 0.0
-9.524934 -13.411865 0.0
-9.489546 -13.449167 0.0
-9.821388 -14.010441 0.0
-9.606948 -13.794298 0.0
-9.5418625 -13.790785 0.0
-9.39192 -13.663391 0.0
-9.209014 -13.48566 0.0
-9.060976 -13.356584 0.0
-9.0591135 -13.442343 0.0
-9.162511 -13.686099 0.0
-8.943314 -13.447663 0.0
-8.913076 -13.491699 0.0
-8.937519 -13.619281 0.0
-8.693688 -13.336648 0.0
-8.66364 -13.380021 0.0
-8.649635 -13.4485655 0.0
-8.414563 -13.171637 0.0
-8.395582 -13.231141 0.0
-8.509612 -13.502152 0.0
-8.133923 -12.994162 0.0
-8.463646 -13.613507 0.0
-8.674064 -14.047802 0.0
-8.2022915 -13.375296 0.0
-8.130047 -13.349129 0.0
-8.208126 -13.570787 0.0
-8.176796 -13.613024 0.0
-7.909629 -13.260143 0.0
-7.940298 -13.404778 0.0
-8.451812 -14.368569 0.0
-7.868063 -13.470471 0.0
-7.75148 -13.364769 0.0
-8.194574 -14.229032 0.0
-7.6148076 -13.316542 0.0
-7.5048323 -13.218075 0.0
-7.508478 -13.319416 0.0
-7.311331 -13.063128 0.0
-7.577261 -13.636169 0.0
-7.641698 -13.851963 0.0
-7.7769423 -14.199834 0.0
-7.327367 -13.476842 0.0
-7.1435337 -13.235238 0.0
-7.8113375 -14.579253 0.0
-7.1139174 -13.375898 0.0
-7.002857 -13.264992 0.0
-8.17359 -15.598223 0.0
-7.0044723 -13.46736 0.0
-6.7888517 -13.151102 0.0
-6.839707 -13.349848 0.0
-6.6446505 -13.067678 0.0
-6.6090713 -13.096911 0.0
-6.7121916 -13.40323 0.0
-6.595422 -13.271503 0.0
-6.452986 -13.085376 0.0
-6.742501 -13.778762 0.0
-7.010351 -14.438057 0.0
-6.3931537 -13.270286 0.0
-6.3740177 -13.334927 0.0
-6.6330605 -13.986883 0.0
-6.2027516 -13.183732 0.0
-6.132707 -13.139251 0.0
-6.5924015 -14.237849 0.0
-6.00196 -13.067552 0.0
-5.98676 -13.140484 0.0
-5.9670453 -13.204336 0.0
-5.7711205 -12.875802 0.0
-5.8128705 -13.076186 0.0
-5.7646947 -13.075642 0.0
-6.001004 -13.725463 0.0
-5.7003484 -13.14743 0.0
-5.829864 -13.559878 0.0
-6.3333755 -14.85634 0.0
-5.6181483 -13.2914 0.0
-5.4652934 -13.041095 0.0
-5.862695 -14.110536 0.0
-5.373821 -13.046615 0.0
-5.28089 -12.933411 0.0
-5.5226054 -13.644751 0.0
-5.212677 -12.993382 0.0
-5.1580467 -12.972129 0.0
-5.092597 -12.922754 0.0
-5.020223 -12.854467 0.0
-4.9338846 -12.748556 0.0
-5.0093675 -13.062401 0.0
-5.2250533 -13.750742 0.0
-4.8904414 -12.989918 0.0
-5.0323257 -13.492061 0.0
-5.2820864 -14.295355 0.0
-4.880785 -13.33484 0.0
-4.7376385 -13.0677 0.0
-5.130144 -14.286848 0.0
-4.587078 -12.898637 0.0
-4.5740952 -12.988093 0.0
-4.718664 -13.53082 0.0
-4.4127984 -12.779577 0.0
-4.431835 -12.963365 0.0
-4.3343744 -12.806389 0.0
-4.231564 -12.629974 0.0
-4.230605 -12.756786 0.0
-4.13223 -12.589169 0.0
-4.325344 -13.315082 0.0
-4.155977 -12.928428 0.0
-4.034488 -12.683808 0.0
-4.490914 -14.270014 0.0
-4.2004194 -13.491233 0.0
-3.8911972 -12.634357 0.0
-4.257514 -13.975896 0.0
-3.8569508 -12.801594 0.0
-3.7091885 -12.449179 0.0
-3.8857913 -13.189508 0.0
-3.632803 -12.471683 0.0
-3.577956 -12.4251 0.0
-3.556281 -12.493717 0.0
-3.4204798 -12.1580105 0.0
-3.4340937 -12.351494 0.0
-3.443904 -12.535531 0.0
-3.6071732 -13.289138 0.0
-3.333324 -12.430843 0.0
-3.3489742 -12.644001 0.0
-3.6442673 -13.931235 0.0
-3.3514419 -12.974121 0.0
-3.2449317 -12.722709 0.0
-3.5013626 -13.905972 0.0
-3.1258752 -12.57738 0.0
-3.0944624 -12.616037 0.0
-3.3263116 -13.74319 0.0
-2.9892 -12.51805 0.0
-2.9783366 -12.643956 0.0
-2.8875253 -12.42899 0.0
-2.789128 -12.174599 0.0
-2.8024726 -12.407439 0.0
-2.7166226 -12.201228 0.0
-2.8678346 -13.069044 0.0
-2.7199783 -12.579293 0.0
-2.6168275 -12.284372 0.0
-2.9426336 -14.024614 0.0
-2.7397852 -13.259909 0.0
-2.569555 -12.63129 0.0
-2.815527 -14.060883 0.0
-2.5133536 -12.754726 0.0
-2.3866968 -12.310779 0.0
-2.6205676 -13.742371 0.0
-2.3628023 -12.60038 0.0
-2.2589102 -12.253527 0.0
-2.223124 -12.270233 0.0
-2.1592207 -12.129311 0.0
-2.1272058 -12.165422 0.0
-2.1017592 -12.240874 0.0
-2.2071633 -13.095298 0.0
-2.0479002 -12.381784 0.0
-1.9683046 -12.13136 0.0
-2.1793747 -13.697709 0.0
-1.9293494 -12.370449 0.0
-1.9080473 -12.485042 0.0
-2.182146 -14.57758 0.0
-1.8256816 -12.456925 0.0
-1.7605214 -12.274387 0.0
-1.8020945 -12.844195 0.0
-1.6580685 -12.086803 0.0
-1.6502509 -12.309876 0.0
-1.589148 -12.1364 0.0
-1.532928 -11.992424 0.0
-1.5357634 -12.314606 0.0
-1.4774957 -12.150498 0.0
-1.5485063 -13.068578 0.0
-1.4476981 -12.546756 0.0
-1.3701817 -12.20332 0.0
-1.4923192 -13.668778 0.0
-1.347047 -12.698755 0.0
-1.2640698 -12.275085 0.0
-1.4301903 -14.318751 0.0
-1.2678063 -13.098789 0.0
-1.1530279 -12.306101 0.0
-1.2308035 -13.584356 0.0
-1.1028563 -12.601833 0.0
-1.0103886 -11.967423 0.0
-1.035319 -12.727962 0.0
-0.9744623 -12.451929 0.0
-0.913808 -12.155701 0.0
-0.87583196 -12.148469 0.0
-0.84134555 -12.191002 0.0
-0.7842429 -11.894174 0.0
-0.7615896 -12.116088 0.0
-0.7912844 -13.23637 0.0
-0.68674105 -12.110544 0.0
-0.64426804 -12.012735 0.0
-0.7225782 -14.291745 0.0
-0.60904235 -12.825548 0.0
-0.53823 -12.118053 0.0
-0.5886673 -14.237836 0.0
-0.4700652 -12.281007 0.0
-0.4225687 -12.002563 0.0
-0.40826857 -12.703442 0.0
-0.34812257 -11.974941 0.0
-0.31245625 -12.015939 0.0
-0.27402526 -11.946857 0.0
-0.2435701 -12.257581 0.0
-0.20566797 -12.238272 0.0
-0.16472088 -11.988869 0.0
-0.14057375 -13.16925 0.0
-0.09465947 -12.43964 0.0
-0.054757982 -12.049875 0.0
-0.02111408 -14.269984 0.0
0.020922238 -13.199983 0.0
0.05672554 -12.199868 0.0
0.109317064 -14.169579 0.0
0.13592552 -12.609267 0.0
0.16598456 -11.988852 0.0
0.20188545 -11.938293 0.0
0.24346401 -12.187569 0.0
0.27482378 -11.926835 0.0
0.3113738 -11.925937 0.0
0.35317612 -12.104849 0.0
0.3831813 -11.883823 0.0
0.41995195 -11.892588 0.0
0.46138215 -12.021149 0.0
0.49159962 -11.859816 0.0
0.5319461 -11.948164 0.0
0.57046187 -11.986433 0.0
0.6228848 -12.294231 0.0
0.6535833 -12.162451 0.0
0.6823455 -12.0106325 0.0
0.7101835 -11.858753 0.0
0.7459001 -11.846541 0.0
0.7848377 -11.884112 0.0
0.8757289 -12.66977 0.0
0.8684709 -12.028689 0.0
0.8970727 -11.916282 0.0
1.0320244 -13.169625 0.0
0.9871412 -12.119865 0.0
1.0074383 -11.917494 0.0
1.2255139 -13.986411 0.0
1.1211174 -12.359256 0.0
1.1244395 -11.987378 0.0
1.3010132 -13.427116 0.0
1.2953945 -12.955398 0.0
1.2899736 -12.513688 0.0
1.3050935 -12.290905 0.0
1.3351499 -12.217262 0.0
1.3379632 -11.905051 0.0
1.3675576 -11.841291 0.0
1.4344668 -12.095234 0.0
1.4376993 -11.812832 0.0
1.4751331 -11.818295 0.0
1.540537 -12.041858 0.0
1.5436499 -11.7792845 0.0
1.5837309 -11.804233 0.0
1.6471016 -11.997464 0.0
1.6491054 -11.744789 0.0
1.724874 -12.016838 0.0
1.7674974 -12.051073 0.0
1.7659088 -11.788468 0.0
1.8231927 -11.9213915 0.0
1.9399055 -12.429527 0.0
1.880504 -11.811236 0.0
1.9054798 -11.7363205 0.0
1.9430711 -11.740293 0.0
1.9557588 -11.596233 0.0
2.0031462 -11.659172 0.0
2.0871248 -11.928789 0.0
2.393735 -13.438472 0.0
2.1780381 -12.014169 0.0
2.1713173 -11.771418 0.0
2.5743573 -13.720578 0.0
2.3352625 -12.239205 0.0
2.3327699 -12.025834 0.0
2.797118 -14.186886 0.0
2.4771607 -12.364294 0.0
2.4711623 -12.141066 0.0
2.5812466 -12.485979 0.0
2.5578642 -12.184409 0.0
2.545165 -11.941785 0.0
2.5754068 -11.904607 0.0
2.6676378 -12.150609 0.0
2.6418073 -11.859315 0.0
2.6825476 -11.870671 0.0
2.779241 -12.125568 0.0
2.7484689 -11.824784 0.0
2.7892823 -11.835772 0.0
2.8836322 -12.070326 0.0
2.847659 -11.760138 0.0
2.9003685 -11.819339 0.0
3.0017266 -12.072415 0.0
2.967872 -11.781946 0.0
3.0781431 -12.063479 0.0
3.2477093 -12.567131 0.0
3.4254541 -13.0892 0.0
3.1735592 -11.97667 0.0
3.2128394 -11.976546 0.0
3.8103335 -14.031856 0.0
3.3285885 -12.1109085 0.0
3.3094206 -11.898329 0.0
3.825398 -13.591936 0.0
3.4178889 -12.002851 0.0
3.3854587 -11.752088 0.0
3.6424685 -12.5001135 0.0
3.4574265 -11.731117 0.0
3.4847925 -11.691716 0.0
3.5263839 -11.7001295 0.0
3.530158 -11.584044 0.0
3.6215856 -11.754748 0.0
3.7735705 -12.115951 0.0
3.9608288 -12.581254 0.0
3.741637 -11.759071 0.0
3.8082697 -11.842748 0.0
4.2061367 -12.943744 0.0
3.927585 -11.961696 0.0
3.9201424 -11.816725 0.0
4.79845 -14.317294 0.0
4.0598454 -11.991382 0.0
4.0318584 -11.789645 0.0
4.146326 -12.004082 0.0
4.071112 -11.670289 0.0
4.1234713 -11.704917 0.0
4.2565193 -11.965451 0.0
4.093723 -11.397085 0.0
4.217278 -11.628906 0.0
4.5416946 -12.404721 0.0
4.8293014 -13.066092 0.0
4.446364 -11.917561 0.0
4.504011 -11.960028 0.0
5.0629234 -13.320259 0.0
4.5521617 -11.866842 0.0
4.5812926 -11.834181 0.0
5.108766 -13.077542 0.0
4.6464067 -11.787273 0.0
4.71208 -11.847312 0.0
5.1803737 -12.90937 0.0
4.7320695 -11.68844 0.0
4.756525 -11.64611 0.0
4.97124 -12.066037 0.0
4.78177 -11.505923 0.0
4.8092775 -11.47277 0.0
5.1209044 -12.11193 0.0
5.240376 -12.289347 0.0
5.151594 -11.97926 0.0
5.080856 -11.715707 0.0
5.4332824 -12.42389 0.0
5.160644 -11.702642 0.0
5.159918 -11.604536 0.0
5.9359117 -13.240281 0.0
5.354519 -11.84606 0.0
5.2871284 -11.602102 0.0
6.128364 -13.3396225 0.0
5.459006 -11.787253 0.0
5.389347 -11.54394 0.0
6.220947 -13.2193775 0.0
5.57143 -11.745602 0.0
5.512511 -11.529987 0.0
5.704097 -11.837351 0.0
5.7578216 -11.855796 0.0
5.8336987 -11.918928 0.0
5.7861485 -11.730596 0.0
5.644027 -11.354619 0.0
5.660884 -11.301504 0.0
5.8261695 -11.542991 0.0
6.169779 -12.131196 0.0
5.846643 -11.40917 0.0
5.954986 -11.533367 0.0
6.6225677 -12.730439 0.0
6.1044874 -11.64722 0.0
6.1775074 -11.699201 0.0
7.002333 -13.163412 0.0
6.258551 -11.678744 0.0
6.299063 -11.668308 0.0
6.946296 -12.773433 0.0
6.5482264 -11.9539795 0.0
6.5993237 -11.960122 0.0
6.4270544 -11.563991 0.0
6.3159275 -11.282462 0.0
6.3357406 -11.236921 0.0
6.3898997 -11.2522335 0.0
6.8811083 -12.031207 0.0
6.513657 -11.308172 0.0
6.508139 -11.218958 0.0
7.4857793 -12.813613 0.0
6.7086263 -11.402948 0.0
6.6314025 -11.19306 0.0
7.5417924 -12.641192 0.0
6.890425 -11.46937 0.0
6.8634353 -11.345521 0.0
6.9605994 -11.426918 0.0
6.8753333 -11.209473 0.0
7.1513605 -11.57973 0.0
7.313553 -11.761566 0.0
7.142608 -11.408539 0.0
7.0495577 -11.183566 0.0
7.207046 -11.356098 0.0
7.8825407 -12.33674 0.0
7.2548747 -11.278071 0.0
7.3437614 -11.339721 0.0
8.017481 -12.297253 0.0
7.3527746 -11.202532 0.0
7.4532247 -11.280064 0.0
8.252048 -12.406197 0.0
7.472154 -11.159382 0.0
7.657227 -11.360321 0.0
8.068185 -11.891228 0.0
7.6477594 -11.197561 0.0
7.9766316 -11.602575 0.0
7.943866 -11.4794 0.0
7.9275684 -11.38115 0.0
7.882045 -11.242165 0.0
7.7896137 -11.038208 0.0
8.7731 -12.351324 0.0
8.072312 -11.291244 0.0
7.902453 -10.982356 0.0
8.921484 -12.318734 0.0
8.199341 -11.248876 0.0
8.145056 -11.102745 0.0
8.618586 -11.673051 0.0
8.189096 -11.020509 0.0
8.186903 -10.947306 0.0
8.292576 -11.0180435 0.0
8.157241 -10.769379 0.0
8.275079 -10.855669 0.0
8.643081 -11.266638 0.0
8.995338 -11.651707 0.0
8.503378 -10.944961 0.0
8.678552 -11.100038 0.0
9.417444 -11.96932 0.0
8.758838 -11.062317 0.0
8.892403 -11.160559 0.0
9.627184 -12.007058 0.0
8.872736 -10.996883 0.0
9.000943 -11.086091 0.0
8.889357 -10.880343 0.0
8.674989 -10.551785 0.0
9.172608 -11.087622 0.0
9.1361685 -10.974918 0.0
9.6898985 -11.567799 0.0
9.454619 -11.21691 0.0
9.372522 -11.050608 0.0
10.049013 -11.774878 0.0
9.60947 -11.190202 0.0
9.36258 -10.835336 0.0
10.045307 -11.553697 0.0
9.632937 -11.01106 0.0
9.415555 -10.696253 0.0
9.441661 -10.6598625 0.0
9.700497 -10.884704 0.0
9.673729 -10.787914 0.0
9.713443 -10.765642 0.0
9.766555 -10.758035 0.0
9.725295 -10.6468315 0.0
9.791714 -10.65379 0.0
10.123053 -10.946776 0.0
9.877264 -10.615539 0.0
9.930259 -10.607113 0.0
10.600387 -11.253593 0.0
10.056995 -10.611372 0.0
10.020457 -10.508131 0.0
10.523402 -10.968044 0.0
10.188861 -10.55443 0.0
10.249028 -10.551848 0.0
10.288312 -10.527536 0.0
10.411674 -10.588653 0.0
10.444074 -10.556696 0.0
10.39172 -10.439591 0.0
11.435608 -11.418077 0.0
10.831717 -10.749023 0.0
10.537102 -10.39276 0.0
11.625798 -11.396457 0.0
11.144964 -10.858332 0.0
10.840545 -10.497175 0.0
10.8582535 -10.450035 0.0
11.359951 -10.865998 0.0
11.045314 -10.500411 0.0
10.9248 -10.3222885 0.0
11.094892 -10.418819 0.0
10.914761 -10.186897 0.0
10.967923 -10.173802 0.0
11.168153 -10.29604 0.0
11.022706 -10.099626 0.0
11.061 -10.072531 0.0
11.232689 -10.16608 0.0
11.09279 -9.977796 0.0
11.130775 -9.950414 0.0
11.310733 -10.049091 0.0
11.169067 -9.862147 0.0
11.236824 -9.860846 0.0
11.319747 -9.872372 0.0
11.606872 -10.060325 0.0
11.622495 -10.011654 0.0
11.463213 -9.813401 0.0
11.26474 -9.583826 0.0
11.370421 -9.613825 0.0
11.438115 -9.611094 0.0
11.083731 -9.255514 0.0
11.419855 -9.476946 0.0
11.68029 -9.632778 0.0
12.088744 -9.907532 0.0
11.863176 -9.662041 0.0
11.830548 -9.57531 0.0
12.755947 -10.259761 0.0
12.27178 -9.808543 0.0
12.176493 -9.671377 0.0
13.20297 -10.420843 0.0
13.093215 -10.26924 0.0
12.8801155 -10.038501 0.0
13.258693 -10.268396 0.0
13.187076 -10.148432 0.0
12.900376 -9.864984 0.0
13.487899 -10.248911 0.0
13.399535 -10.117143 0.0
13.1665125 -9.877984 0.0
13.196722 -9.837586 0.0
13.564309 -10.047085 0.0
13.353419 -9.827646 0.0
13.423838 -9.816183 0.0
13.672291 -9.933702 0.0
13.402671 -9.67519 0.0
13.505398 -9.686518 0.0
13.771192 -9.813379 0.0
13.637969 -9.655563 0.0
13.9864855 -9.8381 0.0
14.098542 -9.852467 0.0
13.529025 -9.392892 0.0
13.623601 -9.396809 0.0
13.701829 -9.388928 0.0
13.358554 -9.09366 0.0
13.527182 -9.147911 0.0
13.638161 -9.162177 0.0
13.083932 -8.73176 0.0
13.535705 -8.973423 0.0
13.680065 -9.008898 0.0
13.749451 -8.994303 0.0
13.567325 -8.8159 0.0
13.602679 -8.779703 0.0
13.898913 -8.910684 0.0
13.715285 -8.733757 0.0
14.096947 -8.916193 0.0
14.640738 -9.197439 0.0
13.837423 -8.63376 0.0
13.642817 -8.454352 0.0
13.617565 -8.381054 0.0
13.84796 -8.464449 0.0
13.651585 -8.2870455 0.0
13.505634 -8.141912 0.0
13.702122 -8.2032175 0.0
13.48652 -8.018098 0.0
13.511033 -7.9767222 0.0
13.587175 -7.965624 0.0
13.317688 -7.75289 0.0
13.3587 -7.7220483 0.0
13.668512 -7.845341 0.0
13.397095 -7.635067 0.0
13.7337475 -7.771266 0.0
14.0364895 -7.8858714 0.0
13.833526 -7.716164 0.0
13.393454 -7.416973 0.0
13.503751 -7.4240694 0.0
13.210445 -7.2101746 0.0
13.320404 -7.217294 0.0
13.492176 -7.2569666 0.0
13.452607 -7.182608 0.0
13.377363 -7.0898356 0.0
13.443277 -7.0720844 0.0
14.324726 -7.4798274 0.0
13.424226 -6.9573383 0.0
13.303205 -6.8429785 0.0
14.375079 -7.338712 0.0
13.514387 -6.847177 0.0
13.213676 -6.644008 0.0
14.862497 -7.416081 0.0
13.890423 -6.8779488 0.0
13.328055 -6.548697 0.0
13.30312 -6.485909 0.0
13.205908 -6.3884974 0.0
13.225425 -6.347996 0.0
13.280933 -6.3246264 0.0
14.123043 -6.672635 0.0
13.409996 -6.2855473 0.0
13.166237 -6.1221404 0.0
13.375628 -6.169722 0.0
13.121674 -6.0038805 0.0
13.130906 -5.959507 0.0
13.4500265 -6.054692 0.0
13.176321 -5.8829827 0.0
13.212574 -5.8506727 0.0
13.523438 -5.9388146 0.0
13.35821 -5.8174872 0.0
13.697291 -5.9152856 0.0
13.605044 -5.8260417 0.0
13.760907 -5.8429384 0.0
13.161241 -5.540773 0.0
13.316585 -5.55819 0.0
14.192894 -5.8729353 0.0
13.276389 -5.4460974 0.0
13.385652 -5.443053 0.0
14.979008 -6.037535 0.0
13.446624 -5.3720303 0.0
13.351452 -5.2866187 0.0
13.786491 -5.4100604 0.0
13.262443 -5.157567 0.0
13.1102295 -5.052167 0.0
13.12565 -5.0119653 0.0
13.468304 -5.095567 0.0
13.558769 -5.0823407 0.0
13.368041 -4.964178 0.0
14.049536 -5.1683106 0.0
13.257282 -4.830794 0.0
13.149747 -4.7460036 0.0
14.548452 -5.2004857 0.0
13.376552 -4.7353964 0.0
13.2117 -4.6315174 0.0
14.897955 -5.171441 0.0
13.268211 -4.560204 0.0
13.007583 -4.4261017 0.0
14.120395 -4.7565174 0.0
13.119848 -4.374755 0.0
13.019239 -4.2969174 0.0
13.327025 -4.3532543 0.0
13.045333 -4.2170324 0.0
13.486802 -4.3141356 0.0
13.709705 -4.339168 0.0
13.293502 -4.162654 0.0
12.9145565 -4.000576 0.0
13.10842 -4.0166435 0.0
14.106393 -4.2751937 0.0
13.027426 -3.9046357 0.0
13.163971 -3.901635 0.0
14.183489 -4.156564 0.0
13.07238 -3.7874758 0.0
13.160833 -3.7694235 0.0
13.027996 -3.6882136 0.0
12.644402 -3.5377984 0.0
12.86723 -3.5576532 0.0
12.791254 -3.4944851 0.0
13.603229 -3.6715484 0.0
13.537119 -3.6092265 0.0
13.422402 -3.534618 0.0
14.4493685 -3.757742 0.0
13.104814 -3.3652296 0.0
12.853347 -3.2586927 0.0
14.599718 -3.653866 0.0
13.057534 -3.2254138 0.0
12.843902 -3.1309109 0.0
12.68815 -3.0517733 0.0
12.493116 -2.9643915 0.0
12.531354 -2.9329276 0.0
12.686441 -2.928239 0.0
13.221892 -3.009181 0.0
12.67488 -2.8438582 0.0
12.79094 -2.828754 0.0
14.392165 -3.1366303 0.0
12.954696 -2.7817883 0.0
13.305584 -2.8145058 0.0
14.743461 -3.0714757 0.0
12.842581 -2.6344292 0.0
12.821188 -2.5891209 0.0
13.89815 -2.7623014 0.0
12.630721 -2.4701762 0.0
12.746251 -2.4522376 0.0
13.323595 -2.520994 0.0
12.51526 -2.3283358 0.0
12.738749 -2.3295455 0.0
12.558825 -2.256889 0.0
12.939894 -2.2844553 0.0
12.808894 -2.2208655 0.0
12.579043 -2.141325 0.0
13.897362 -2.3219402 0.0
13.045873 -2.1385992 0.0
12.963509 -2.084315 0.0
14.570073 -2.29684 0.0
13.134164 -2.0292501 0.0
12.65584 -1.9156495 0.0
14.135547 -2.0953329 0.0
12.736619 -1.8480948 0.0
12.365994 -1.7556391 0.0
13.728299 -1.9061414 0.0
12.485525 -1.6946002 0.0
12.530313 -1.6615869 0.0
12.436174 -1.6103308 0.0
12.232709 -1.5458822 0.0
12.257238 -1.510833 0.0
12.34124 -1.4828054 0.0
12.981388 -1.5193704 0.0
12.439518 -1.4173179 0.0
12.453743 -1.3802903 0.0
14.376812 -1.5488375 0.0
12.760341 -1.3351458 0.0
12.595242 -1.2788613 0.0
13.79333 -1.3578153 0.0
12.57298 -1.1987846 0.0
12.666213 -1.1685152 0.0
14.452662 -1.2886665 0.0
12.693064 -1.0925744 0.0
12.696354 -1.0536637 0.0
13.297617 -1.0625396 0.0
12.453308 -0.9566763 0.0
12.65564 -0.9332088 0.0
12.438988 -0.87891364 0.0
12.661121 -0.8556221 0.0
12.72356 -0.8206784 0.0
12.486467 -0.7669617 0.0
13.806519 -0.80557996 0.0
13.279729 -0.7340142 0.0
13.032257 -0.6802749 0.0
14.392643 -0.7070647 0.0
13.056161 -0.6013046 0.0
12.51844 -0.5380993 0.0
14.058806 -0.5611453 0.0
12.951212 -0.47718742 0.0
12.552842 -0.42399162 0.0
13.993403 -0.42971295 0.0
12.845094 -0.3550513 0.0
12.536215 -0.30806848 0.0
13.356912 -0.28728068 0.0
12.5378685 -0.23121941 0.0
12.488524 -0.19202572 0.0
13.368987 -0.16458493 0.0
12.989445 -0.12009991 0.0
13.09975 -0.08096519 0.0
14.179932 -0.044184186 0.0
